32 0.8139860356312274 0.6209765303007886 0.13020434145441157 0.21337757775694435
34 0.6988418969822795 0.635711556502594 0.12219158235511304 0.20956907257314797
35 0.5904484060815781 0.6420872785573624 0.1191667119047624 0.21085817049962935
33 0.4835172856312274 0.6498887995753714 0.11594158235511305 0.20902226842611088
12 0.37623571175710413 0.6631590705933805 0.11594158235511305 0.20902226842611107
13 0.2722293322074548 0.6738121895378709 0.11886632325581452 0.20617067049962934
29 0.16250387878368217 0.6888500121110189 0.1221915823551131 0.20956907257314797
0 0.9151513240310069 0.27884852742606664 0.13685485965300898 0.22017438190398125
3 0.801719879706533 0.2911031025911127 0.12717947100406093 0.21466667568342573
6 0.6888892126799548 0.2939826777561588 0.12707934145441174 0.2131041756834257
2 0.5803257410575849 0.3151337992925475 0.11896645280546388 0.20773317049962942
5 0.4702195558324096 0.323989972384075 0.12219158235511322 0.20956907257314797
8 0.36325815700442876 0.32014109392046375 0.11886632325581452 0.20617067049962942
1 0.25652729565337673 0.3248176149384728 0.12062908235511305 0.20943237153638866
4 0.1453394717792534 0.33842963854837993 0.1200283050572172 0.20005737153638864
7 0.06374472008121042 0.3705086981620372 0.12748944016242084 0.210193789161296