36 0.5050392 0.1332752484375 0.51148576875 0.1333611734375 0.522501546875 0.129365103125 0.5349330796875 0.130709675 0.5461821703124999 0.13035437968750002 0.55548115 0.133071846875 0.5644949734375 0.131339475 0.574229634375 0.13247968906250002 0.593465646875 0.13111934375 0.6231053109375 0.13296273593750002 0.64260055625 0.1356476953125 0.6487410625 0.139333528125 0.6507530578125 0.1539783765625 0.647123765625 0.09734407187500001 0.6432603359375 0.0789358328125 0.6414766328125 0.059477484375 0.636487628125 0.048632715625 0.6345738937500001 0.048085134375 0.5868392671875 0.0444680203125 0.58362894375 0.0446273234375 0.5740740734374999 0.0435007328125 0.5513176140625 0.041776350000000004 0.5422008140625 0.0430983515625 0.49974578281250004 0.0422967 0.49604793437500005 0.04322419375 0.49101712031250005 0.0484789109375 0.4900261796875 0.066519309375 0.49585979687500004 0.1156718859375 0.5015955640625 0.1297937734375 0.5050392 0.1332752484375
30 0.508165078125 0.207181759375 0.5132837015625 0.22004918281250002 0.5318766453125 0.21702984218750002 0.5507288234375001 0.21805580781249997 0.5732270015625 0.2173452203125 0.6572138562500001 0.221293965625 0.6567422140625 0.20555813750000002 0.649747059375 0.1466559515625 0.648253534375 0.1401017171875 0.6425746328125 0.1352431640625 0.606975928125 0.13254565625 0.5103551734375 0.13247036875 0.504551671875 0.1340434375 0.5015228140625 0.1370344546875 0.5014810062499999 0.1531339421875 0.508165078125 0.207181759375
31 0.514927746875 0.220576328125 0.513491090625 0.22328542968749998 0.5142997375 0.24428015625000002 0.52062088125 0.2926645421875 0.5285919171875 0.3081635078125 0.5312887890625 0.3083678640625 0.5347533265625 0.3037995953125 0.5459505703125 0.302635240625 0.5759999921875 0.3024968515625 0.6669727890625 0.3065723921875 0.6695918890625 0.30556315624999997 0.6621250921875 0.23092514375 0.6595787421875 0.22469369687500002 0.6550822828125 0.2215350109375 0.63830983125 0.2194589375 0.5855807640624999 0.21747619999999998 0.543665109375 0.2167154203125 0.5206534781250001 0.2177896671875 0.514927746875 0.220576328125
17 0.608387503082319 0.34619898715146 0.15570738433001133 0.1004288203356503
14 0.6239507487633823 0.4313435817575197 0.15424501387966066 0.10187292116548718
11 0.6293577444444457 0.5157185817575197 0.1555071252307126 0.09730382033565022
16 0.6384206662513857 0.5964833296829273 0.15228199568106326 0.09550452199532415
28 0.6467524028331504 0.6779701280232533 0.1506193661314139 0.09382362282516113
10 0.6566967041897398 0.7603565755337425 0.15676923658176473 0.09273471950581325
15 0.6650785055463292 0.8426246238740684 0.15051923658176455 0.09226112282516112
27 0.6647664273532692 0.9226789767784979 0.1488566070321154 0.0905802236549981
9 0.6722668491602092 0.9786269818531217 0.14895673658176473 0.04274603629375662