36 0.8958333328125001 0.4850823046875 0.9004629625 0.49588477343750004 0.9000771609375 0.50771605 0.9012345671875 0.51851851875 0.8993055562500001 0.527263375 0.9016203703125001 0.5360082296875001 0.9012345671875 0.5452674890625 0.9039351859375 0.5637860078125 0.9043209875 0.5920781890625 0.9031635796874999 0.6105967078125001 0.9000771609375 0.61625514375 0.8861882718749999 0.61728395 0.9402006171874999 0.61728395 0.9575617281250001 0.614711934375 0.9760802468750001 0.61419753125 0.9861111109375 0.6100823046875 0.9884259265625 0.5992798359375 0.9876543203124999 0.5720164609375 0.9861111109375 0.55967078125 0.98726851875 0.5324074078125001 0.9845679015625001 0.520061728125 0.9822530859375 0.47942386875 0.9810956796875001 0.47582304531249997 0.9756944437499999 0.47067901250000005 0.9583333328125001 0.46862139843749995 0.911651234375 0.471193415625 0.89853395 0.47582304531249997 0.89544753125 0.478909465625 0.8958333328125001 0.4850823046875
30 0.8175154328125 0.5174897125 0.8198302468750001 0.53909465 0.8221450625 0.6193415640625 0.8371913578125 0.6198559671874999 0.893132715625 0.616769546875 0.8993055562500001 0.615740740625 0.9035493828125001 0.6105967078125001 0.9035493828125001 0.5766460906249999 0.8966049375 0.4840534984375 0.8946759265625 0.4783950625 0.8915895062500001 0.4753086421875 0.8761574078125 0.47427983593749995 0.8248456796875001 0.47736625468750005 0.8128858031249999 0.48148148125 0.8171296296874999 0.49948559687499994 0.8175154328125 0.5174897125
31 0.7341820984375 0.49691357968750005 0.7361111109375 0.50771605 0.7384259265625001 0.536522634375 0.74112654375 0.6234567906249999 0.74228395 0.62602880625 0.8132716046875 0.6234567906249999 0.8190586421875 0.6213991765625 0.821759259375 0.61728395 0.8225308640625 0.6013374484375 0.8206018515625001 0.5509259265625001 0.8182870375 0.51080246875 0.8155864203125001 0.48868312812500003 0.8125 0.48302469062500003 0.8097993828125001 0.48148148125 0.7897376546875 0.48096707812500006 0.7438271609375 0.4840534984375 0.72955246875 0.490740740625 0.72955246875 0.4933127578125 0.7341820984375 0.49691357968750005
17 0.69921875 0.56484375 0.08515625 0.14296875
14 0.61875 0.57421875 0.08671875 0.14140625
11 0.53828125 0.575 0.08203125 0.14296875
16 0.46171875 0.57890625 0.0796875 0.13984375
28 0.38359375 0.58125 0.07890625 0.13828125
10 0.30546875 0.5859375 0.078125 0.14453125
15 0.22734375 0.58828125 0.07734375 0.13828125
27 0.15078125 0.58359375 0.07578125 0.13828125
9 0.07421875 0.5859375 0.0765625 0.1375