32 0.195991568212239 0.31705354682728987 0.11538887254713259 0.189702395460829
34 0.3012693172236559 0.3086829969199571 0.10751270555093821 0.18786707694917482
35 0.4013966512160446 0.30831591997078234 0.10595020555093822 0.18781251324684395
33 0.49986598471414184 0.3056596567239384 0.10432403855474384 0.18619544954451311
12 0.597394900721753 0.29912442532825995 0.10282520555093821 0.18770338584218216
13 0.6926437337255587 0.29423353948607767 0.10426037155854928 0.1846329495445131
29 0.7932339827369754 0.2860266806857375 0.10751270555093821 0.18786707694917482
0 0.13509646646253418 0.62743054083684 0.12026737353571573 0.19455358656782168
3 0.23887538247014536 0.6206770546318381 0.11232753954332697 0.19115576805616746
6 0.34384938395302017 0.6240525365756708 0.11226387254713259 0.1895932680561673
2 0.4418412149796594 0.609677523328827 0.10426037155854946 0.18463294954451293
5 0.5434355484777565 0.6069121326773212 0.10751270555093821 0.18786707694917482
8 0.6431318009492145 0.6151660875793119 0.10582287155854928 0.18468751324684388
1 0.7417603019377977 0.616416074332468 0.10744903855474383 0.18630457694917482
4 0.8431636344473118 0.6089631836809624 0.10719437056996632 0.18005457694917482
7 0.9250847965005903 0.584196307457427 0.13088653855474383 0.18712303248413775