32 0.33515625 0.8109375 0.18203125 0.10546875
34 0.3296875 0.70703125 0.1796875 0.0984375
35 0.3328125 0.61015625 0.18125 0.096875
33 0.334375 0.51328125 0.17890625 0.09375
12 0.33125 0.41796875 0.1796875 0.09375
13 0.3296875 0.32421875 0.1765625 0.09453125
29 0.325 0.22578125 0.18046875 0.09765625
0 0.63671875 0.8828125 0.1875 0.11015625
3 0.63359375 0.78125 0.18359375 0.10234375
6 0.63984375 0.67890625 0.18203125 0.103125
2 0.6296875 0.58203125 0.178125 0.0953125
5 0.63046875 0.4828125 0.1796875 0.09765625
8 0.6421875 0.3859375 0.17734375 0.096875
1 0.64609375 0.2890625 0.17890625 0.096875
4 0.64296875 0.18984375 0.171875 0.096875
7 0.62109375 0.10859375 0.17890625 0.1203125