30 0 0.46409977343750003 0.0017116640624999999 0.4660532046875 0.019432946875000003 0.46796859062499996 0.079014196875 0.46681644218749996 0.0932449296875 0.462623103125 0.0901634828125 0.4416148015625 0.0915383625 0.42078808125 0.09104918125 0.395708859375 0.0964896734375 0.30285318125 0.079162009375 0.3015504828125 0.014233164062500001 0.3024847328125 0.0069990109374999995 0.3033832640625 0.0015769031249999999 0.30912882812500003 0 0.3271529078125 0 0.46409977343750003
31 0.09384660624999999 0.4608576703125 0.0968099921875 0.46276836718750003 0.11993088437499999 0.46430712031250004 0.173273275 0.46290075937499997 0.190437878125 0.4558437171875 0.1906979515625 0.45287106406250005 0.1857144625 0.4484914546875 0.18457860625 0.4359155265625 0.18481763125 0.40251287968750005 0.190488678125 0.3019101484375 0.189411853125 0.2988830234375 0.10715534374999999 0.298514575 0.10026279375 0.300620325 0.0967272484375 0.3052494609375 0.094223528125 0.3236435828125 0.0913542546875 0.3819983453125 0.08997090625000001 0.4284806609375 0.09085370625 0.45417257031249997 0.09384660624999999 0.4608576703125
17 0.23326581050861178 0.37172905585494936 0.11292780989648117 0.16963602076024661
14 0.3271914677659266 0.3645797421285156 0.11577940782296263 0.16663835475263547
11 0.4202285682843062 0.3675866784020819 0.10980280989648109 0.16950868676785785
16 0.508919921394584 0.36649636368706506 0.10640440782296282 0.16625635277546902
28 0.5989687229497228 0.3678134659682426 0.10456850574944418 0.16306768577927463
10 0.6900721765783804 0.3660374017475173 0.10511530989648107 0.16931768577927472
15 0.7801893286518988 0.3665732540286948 0.10300600574944418 0.16300401878308027
27 0.8679921250232414 0.37563918931367796 0.10144350574944419 0.16294035178688587
9 0.9416346765783803 0.3762877881348143 0.07175600574944418 0.16173067885919243